229
354
26
111111111111111011100000000011100001111111110000000111111111000000011111111111100000001110000000111111111011111111111111101111111111111110000111111111000000000011111100000001111111110000000000000000000000000000000000000000000000000000000000000000000000000000000000000000000000000000000000000000000000000000000000000000000000000000000000000000000000000000
111111111111111011100000000011100001111111110000000111111111000000011111111111100000001110000000111111111011111111111111101111111111111110000111111111000000000011111100000001111111110000000000000000000000000000000000000000000000000000000000000000000000000000000000000000000000000000000000000000000000000000000000000000000000000000000000000000000000000000
111111111111111011100000000011100001111111110000000111111111000000011111111111100000001110000000111111111011111111111111101111111111111110000111111111000000000011111100000001111111110000000000000000000000000000000000000000000000000000000000000000000000000000000000000000000000000000000000000000000000000000000000000000000000000000000000000000000000000000
000000111000000011100000000011101110000000001110111000000000111011100000000000000001111110000000000111000011100000000000000000000001110000111000000000111000011100000000001110000000001110000000000000000000000000000000000000000000000000000000000000000000000000000000000000000000000000000000000000000000000000000000000000000000000000000000000000000000000000
000000111000000011100000000011101110000000001110111000000000111011100000000000000001111110000000000111000011100000000000000000000001110000111000000000111000011100000000001110000000001110000000000000000000000000000000000000000000000000000000000000000000000000000000000000000000000000000000000000000000000000000000000000000000000000000000000000000000000000
000000111000000011100000000011101110000000001110111000000000111011100000000000000001111110000000000111000011100000000000000000000001110000111000000000111000011100000000001110000000001110000000000000000000000000000000000000000000000000000000000000000000000000000000000000000000000000000000000000000000000000000000000000000000000000000000000000000000000000
000000111000000011100000000011101110000000000000111000000000111011100000000000000000001110000000000111000011100000000000000000001110000000000000000000111011100000000000001110000001111110000000000000000000000000000000000000000000000000000000000000000000000000000000000000000000000000000000000000000000000000000000000000000000000000000000000000000000000000
000000111000000011100000000011101110000000000000111000000000111011100000000000000000001110000000000111000011100000000000000000001110000000000000000000111011100000000000001110000001111110000000000000000000000000000000000000000000000000000000000000000000000000000000000000000000000000000000000000000000000000000000000000000000000000000000000000000000000000
000000111000000011100000000011101110000000000000111000000000111011100000000000000000001110000000000111000011100000000000000000001110000000000000000000111011100000000000001110000001111110000000000000000000000000000000000000000000000000000000000000000000000000000000000000000000000000000000000000000000000000000000000000000000000000000000000000000000000000
000000111000000011100000000011101110001111111110111000000000111000011111111100000000001110000000000111000011111111111100000000000001110000000000000111000011111111111100001110001110001110000000000000000000000000000000000000000000000000000000000000000000000000000000000000000000000000000000000000000000000000000000000000000000000000000000000000000000000000
000000111000000011100000000011101110001111111110111000000000111000011111111100000000001110000000000111000011111111111100000000000001110000000000000111000011111111111100001110001110001110000000000000000000000000000000000000000000000000000000000000000000000000000000000000000000000000000000000000000000000000000000000000000000000000000000000000000000000000
000000111000000011100000000011101110001111111110111000000000111000011111111100000000001110000000000111000011111111111100000000000001110000000000000111000011111111111100001110001110001110000000000000000000000000000000000000000000000000000000000000000000000000000000000000000000000000000000000000000000000000000000000000000000000000000000000000000000000000
000000111000000011100000000011101110000000001110111111111111111000000000000011100000001110000000000111000011100000000000000000000000001110000000111000000011100000000011101111110000001110000000000000000000000000000000000000000000000000000000000000000000000000000000000000000000000000000000000000000000000000000000000000000000000000000000000000000000000000
000000111000000011100000000011101110000000001110111111111111111000000000000011100000001110000000000111000011100000000000000000000000001110000000111000000011100000000011101111110000001110000000000000000000000000000000000000000000000000000000000000000000000000000000000000000000000000000000000000000000000000000000000000000000000000000000000000000000000000
000000111000000011100000000011101110000000001110111111111111111000000000000011100000001110000000000111000011100000000000000000000000001110000000111000000011100000000011101111110000001110000000000000000000000000000000000000000000000000000000000000000000000000000000000000000000000000000000000000000000000000000000000000000000000000000000000000000000000000
000000111000000011100000000011101110000000001110111000000000111000000000000011100000001110000000000111000011100000000000001110000000001110000111000000000011100000000011101110000000001110000000000000000000000000000000000000000000000000000000000000000000000000000000000000000000000000000000000000000000000000000000000000000000000000000000000000000000000000
000000111000000011100000000011101110000000001110111000000000111000000000000011100000001110000000000111000011100000000000001110000000001110000111000000000011100000000011101110000000001110000000000000000000000000000000000000000000000000000000000000000000000000000000000000000000000000000000000000000000000000000000000000000000000000000000000000000000000000
000000111000000011100000000011101110000000001110111000000000111000000000000011100000001110000000000111000011100000000000001110000000001110000111000000000011100000000011101110000000001110000000000000000000000000000000000000000000000000000000000000000000000000000000000000000000000000000000000000000000000000000000000000000000000000000000000000000000000000
000000111000000000011111111100000001111111111110111000000000111011111111111100000001111111110000111111111011100000000000000001111111110000111111111111111000011111111100000001111111110000000000000000000000000000000000000000000000000000000000000000000000000000000000000000000000000000000000000000000000000000000000000000000000000000000000000000000000000000
000000111000000000011111111100000001111111111110111000000000111011111111111100000001111111110000111111111011100000000000000001111111110000111111111111111000011111111100000001111111110000000000000000000000000000000000000000000000000000000000000000000000000000000000000000000000000000000000000000000000000000000000000000000000000000000000000000000000000000
000000111000000000011111111100000001111111111110111000000000111011111111111100000001111111110000111111111011100000000000000001111111110000111111111111111000011111111100000001111111110000000000000000000000000000000000000000000000000000000000000000000000000000000000000000000000000000000000000000000000000000000000000000000000000000000000000000000000000000
000000000000000000000000000000000000000000000000000000000000000000000000000000000000000000000000000000000000000000000000000000000000000000000000000000000000000000000000000000000000000000000000000000000000000000000000000000000000000000000000000000000000000000000000000000000000000000000000000000000000000000000000000000000000000000000000000000000000000000
000000000000000000000000000000000000000000000000000000000000000000000000000000000000000000000000000000000000000000000000000000000000000000000000000000000000000000000000000000000000000000000000000000000000000000000000000000000000000000000000000000000000000000000000000000000000000000000000000000000000000000000000000000000000000000000000000000000000000000
000000000000000000000000000000000000000000000000000000000000000000000000000000000000000000000000000000000000000000000000000000000000000000000000000000000000000000000000000000000000000000000000000000000000000000000000000000000000000000000000000000000000000000000000000000000000000000000000000000000000000000000000000000000000000000000000000000000000000000
000000000000000000000000000000000000000000000000000000000000000000000000000000000000000000000000000000000000000000000000000000000000000000000000000000000000000000000000000000000000000000000000000000000000000000000000000000000000000000000000000000000000000000000000000000000000000000000000000000000000000000000000000000000000000000000000000000000000000000
000000000000000000000000000000000000000000000000000000000000000000000000000000000000000000000000000000000000000000000000000000000000000000000000000000000000000000000000000000000000000000000000000000000000000000000000000000000000000000000000000000000000000000000000000000000000000000000000000000000000000000000000000000000000000000000000000000000000000000
000111111111111011100000000011101111111110111111111111000011111111111100001110000000001110000000000000000000000000000000000000000000000000000000000000000000000000000000000000000000000000000000000000000000000000000000000000000000000000000000000000000000000000000000000000000000000000000000000000000000000000000000000000000000000000000000000000000000000000
000111111111111011100000000011101111111110111111111111000011111111111100001110000000001110000000000000000000000000000000000000000000000000000000000000000000000000000000000000000000000000000000000000000000000000000000000000000000000000000000000000000000000000000000000000000000000000000000000000000000000000000000000000000000000000000000000000000000000000
000111111111111011100000000011101111111110111111111111000011111111111100001110000000001110000000000000000000000000000000000000000000000000000000000000000000000000000000000000000000000000000000000000000000000000000000000000000000000000000000000000000000000000000000000000000000000000000000000000000000000000000000000000000000000000000000000000000000000000
111000000000000011100000011100000001110000111000000000111011100000000011101110000000001110000000000000000000000000000000000000000000000000000000000000000000000000000000000000000000000000000000000000000000000000000000000000000000000000000000000000000000000000000000000000000000000000000000000000000000000000000000000000000000000000000000000000000000000000
111000000000000011100000011100000001110000111000000000111011100000000011101110000000001110000000000000000000000000000000000000000000000000000000000000000000000000000000000000000000000000000000000000000000000000000000000000000000000000000000000000000000000000000000000000000000000000000000000000000000000000000000000000000000000000000000000000000000000000
111000000000000011100000011100000001110000111000000000111011100000000011101110000000001110000000000000000000000000000000000000000000000000000000000000000000000000000000000000000000000000000000000000000000000000000000000000000000000000000000000000000000000000000000000000000000000000000000000000000000000000000000000000000000000000000000000000000000000000
111000000000000011100011100000000001110000111000000000111011100000000011101110000000001110000000000000000000000000000000000000000000000000000000000000000000000000000000000000000000000000000000000000000000000000000000000000000000000000000000000000000000000000000000000000000000000000000000000000000000000000000000000000000000000000000000000000000000000000
111000000000000011100011100000000001110000111000000000111011100000000011101110000000001110000000000000000000000000000000000000000000000000000000000000000000000000000000000000000000000000000000000000000000000000000000000000000000000000000000000000000000000000000000000000000000000000000000000000000000000000000000000000000000000000000000000000000000000000
111000000000000011100011100000000001110000111000000000111011100000000011101110000000001110000000000000000000000000000000000000000000000000000000000000000000000000000000000000000000000000000000000000000000000000000000000000000000000000000000000000000000000000000000000000000000000000000000000000000000000000000000000000000000000000000000000000000000000000
000111111111000011111100000000000001110000111111111111000011111111111100000001110001110000000000000000000000000000000000000000000000000000000000000000000000000000000000000000000000000000000000000000000000000000000000000000000000000000000000000000000000000000000000000000000000000000000000000000000000000000000000000000000000000000000000000000000000000000
000111111111000011111100000000000001110000111111111111000011111111111100000001110001110000000000000000000000000000000000000000000000000000000000000000000000000000000000000000000000000000000000000000000000000000000000000000000000000000000000000000000000000000000000000000000000000000000000000000000000000000000000000000000000000000000000000000000000000000
000111111111000011111100000000000001110000111111111111000011111111111100000001110001110000000000000000000000000000000000000000000000000000000000000000000000000000000000000000000000000000000000000000000000000000000000000000000000000000000000000000000000000000000000000000000000000000000000000000000000000000000000000000000000000000000000000000000000000000
000000000000111011100011100000000001110000111000000000000011100000000000000000001110000000000000000000000000000000000000000000000000000000000000000000000000000000000000000000000000000000000000000000000000000000000000000000000000000000000000000000000000000000000000000000000000000000000000000000000000000000000000000000000000000000000000000000000000000000
000000000000111011100011100000000001110000111000000000000011100000000000000000001110000000000000000000000000000000000000000000000000000000000000000000000000000000000000000000000000000000000000000000000000000000000000000000000000000000000000000000000000000000000000000000000000000000000000000000000000000000000000000000000000000000000000000000000000000000
000000000000111011100011100000000001110000111000000000000011100000000000000000001110000000000000000000000000000000000000000000000000000000000000000000000000000000000000000000000000000000000000000000000000000000000000000000000000000000000000000000000000000000000000000000000000000000000000000000000000000000000000000000000000000000000000000000000000000000
000000000000111011100000011100000001110000111000000000000011100000000000000000001110000000000000000000000000000000000000000000000000000000000000000000000000000000000000000000000000000000000000000000000000000000000000000000000000000000000000000000000000000000000000000000000000000000000000000000000000000000000000000000000000000000000000000000000000000000
000000000000111011100000011100000001110000111000000000000011100000000000000000001110000000000000000000000000000000000000000000000000000000000000000000000000000000000000000000000000000000000000000000000000000000000000000000000000000000000000000000000000000000000000000000000000000000000000000000000000000000000000000000000000000000000000000000000000000000
000000000000111011100000011100000001110000111000000000000011100000000000000000001110000000000000000000000000000000000000000000000000000000000000000000000000000000000000000000000000000000000000000000000000000000000000000000000000000000000000000000000000000000000000000000000000000000000000000000000000000000000000000000000000000000000000000000000000000000
111111111111000011100000000011101111111110111000000000000011100000000000000000001110000000000000000000000000000000000000000000000000000000000000000000000000000000000000000000000000000000000000000000000000000000000000000000000000000000000000000000000000000000000000000000000000000000000000000000000000000000000000000000000000000000000000000000000000000000
111111111111000011100000000011101111111110111000000000000011100000000000000000001110000000000000000000000000000000000000000000000000000000000000000000000000000000000000000000000000000000000000000000000000000000000000000000000000000000000000000000000000000000000000000000000000000000000000000000000000000000000000000000000000000000000000000000000000000000
111111111111000011100000000011101111111110111000000000000011100000000000000000001110000000000000000000000000000000000000000000000000000000000000000000000000000000000000000000000000000000000000000000000000000000000000000000000000000000000000000000000000000000000000000000000000000000000000000000000000000000000000000000000000000000000000000000000000000000
000000000000000000000000000000000000000000000000000000000000000000000000000000000000000000000000000000000000000000000000000000000000000000000000000000000000000000000000000000000000000000000000000000000000000000000000000000000000000000000000000000000000000000000000000000000000000000000000000000000000000000000000000000000000000000000000000000000000000000
000000000000000000000000000000000000000000000000000000000000000000000000000000000000000000000000000000000000000000000000000000000000000000000000000000000000000000000000000000000000000000000000000000000000000000000000000000000000000000000000000000000000000000000000000000000000000000000000000000000000000000000000000000000000000000000000000000000000000000
000000000000000000000000000000000000000000000000000000000000000000000000000000000000000000000000000000000000000000000000000000000000000000000000000000000000000000000000000000000000000000000000000000000000000000000000000000000000000000000000000000000000000000000000000000000000000000000000000000000000000000000000000000000000000000000000000000000000000000
000000000000000000000000000000000000000000000000000000000000000000000000000000000000000000000000000000000000000000000000000000000000000000000000000000000000000000000000000000000000000000000000000000000000000000000000000000000000000000000000000000000000000000000000000000000000000000000000000000000000000000000000000000000000000000000000000000000000000000
000000000000000000000000000000000000000000000000000000000000000000000000000000000000000000000000000000000000000000000000000000000000000000000000000000000000000000000000000000000000000000000000000000000000000000000000000000000000000000000000000000000000000000000000000000000000000000000000000000000000000000000000000000000000000000000000000000000000000000
000111111111000011100000000011101111111111110000111111111111000011111111111111100000000000000111000011111111111111101111111111111110000111000000000011111100000001111111110000000111111111000011111111111111100000000000000000111111111000011111111100001110000000001110000111111111000011111111111100001111111111111110000111111111000000000000000000000000000000
000111111111000011100000000011101111111111110000111111111111000011111111111111100000000000000111000011111111111111101111111111111110000111000000000011111100000001111111110000000111111111000011111111111111100000000000000000111111111000011111111100001110000000001110000111111111000011111111111100001111111111111110000111111111000000000000000000000000000000
000111111111000011100000000011101111111111110000111111111111000011111111111111100000000000000111000011111111111111101111111111111110000111000000000011111100000001111111110000000111111111000011111111111111100000000000000000111111111000011111111100001110000000001110000111111111000011111111111100001111111111111110000111111111000000000000000000000000000000
111000000000111011100000000011101110000000001110111000000000111011100000000000000000000000111111000000000000011100001110000000000000111111000000011100000000001110000000001110111000000000111000000000011100000000000000000000000111000011100000000011101110000001110000111000000000111011100000000011100000001110000000111000000000111000000000000000000000000000
111000000000111011100000000011101110000000001110111000000000111011100000000000000000000000111111000000000000011100001110000000000000111111000000011100000000001110000000001110111000000000111000000000011100000000000000000000000111000011100000000011101110000001110000111000000000111011100000000011100000001110000000111000000000111000000000000000000000000000
111000000000111011100000000011101110000000001110111000000000111011100000000000000000000000111111000000000000011100001110000000000000111111000000011100000000001110000000001110111000000000111000000000011100000000000000000000000111000011100000000011101110000001110000111000000000111011100000000011100000001110000000111000000000111000000000000000000000000000
111000000000111011111100000011101110000000001110111000000000111011100000000000000000000000000111000000000011100000001111111111110000000111000011100000000000001110000001111110111000000111111000000011100000000000000000000000000111000011100000000011101110001110000000111000000000111011100000000011100000001110000000111000000000111000000000000000000000000000
111000000000111011111100000011101110000000001110111000000000111011100000000000000000000000000111000000000011100000001111111111110000000111000011100000000000001110000001111110111000000111111000000011100000000000000000000000000111000011100000000011101110001110000000111000000000111011100000000011100000001110000000111000000000111000000000000000000000000000
111000000000111011111100000011101110000000001110111000000000111011100000000000000000000000000111000000000011100000001111111111110000000111000011100000000000001110000001111110111000000111111000000011100000000000000000000000000111000011100000000011101110001110000000111000000000111011100000000011100000001110000000111000000000111000000000000000000000000000
111000000000111011100011100011101110000000001110111111111111000011111111111100001111111110000111000000000000011100000000000000001110000111000011111111111100001110001110001110111000111000111000000000011100001111111110000000000111000011100000000011101111110000000000111000000000111011111111111100000000001110000000111000000000111000000000000000000000000000
111000000000111011100011100011101110000000001110111111111111000011111111111100001111111110000111000000000000011100000000000000001110000111000011111111111100001110001110001110111000111000111000000000011100001111111110000000000111000011100000000011101111110000000000111000000000111011111111111100000000001110000000111000000000111000000000000000000000000000
111000000000111011100011100011101110000000001110111111111111000011111111111100001111111110000111000000000000011100000000000000001110000111000011111111111100001110001110001110111000111000111000000000011100001111111110000000000111000011100000000011101111110000000000111000000000111011111111111100000000001110000000111000000000111000000000000000000000000000
111111111111111011100000011111101110000000001110111000111000000011100000000000000000000000000111000000000000000011100000000000001110000111000011100000000011101111110000001110111111000000111000000000000011100000000000000000000111000011111111111111101110001110000000111111111111111011100011100000000000001110000000111111111111111000000000000000000000000000
111111111111111011100000011111101110000000001110111000111000000011100000000000000000000000000111000000000000000011100000000000001110000111000011100000000011101111110000001110111111000000111000000000000011100000000000000000000111000011111111111111101110001110000000111111111111111011100011100000000000001110000000111111111111111000000000000000000000000000
111111111111111011100000011111101110000000001110111000111000000011100000000000000000000000000111000000000000000011100000000000001110000111000011100000000011101111110000001110111111000000111000000000000011100000000000000000000111000011111111111111101110001110000000111111111111111011100011100000000000001110000000111111111111111000000000000000000000000000
111000000000111011100000000011101110000000001110111000000111000011100000000000000000000000000111000011100000000011101110000000001110000111000011100000000011101110000000001110111000000000111011100000000011100000000000111000000111000011100000000011101110000001110000111000000000111011100000011100000000001110000000111000000000111000000000000000000000000000
111000000000111011100000000011101110000000001110111000000111000011100000000000000000000000000111000011100000000011101110000000001110000111000011100000000011101110000000001110111000000000111011100000000011100000000000111000000111000011100000000011101110000001110000111000000000111011100000011100000000001110000000111000000000111000000000000000000000000000
111000000000111011100000000011101110000000001110111000000111000011100000000000000000000000000111000011100000000011101110000000001110000111000011100000000011101110000000001110111000000000111011100000000011100000000000111000000111000011100000000011101110000001110000111000000000111011100000011100000000001110000000111000000000111000000000000000000000000000
111000000000111011100000000011101111111111110000111000000000111011111111111111100000000000111111111000011111111100000001111111110000111111111000011111111100000001111111110000000111111111000000011111111100000000000000000111111000000011100000000011101110000000001110111000000000111011100000000011100000001110000000111000000000111000000000000000000000000000
111000000000111011100000000011101111111111110000111000000000111011111111111111100000000000111111111000011111111100000001111111110000111111111000011111111100000001111111110000000111111111000000011111111100000000000000000111111000000011100000000011101110000000001110111000000000111011100000000011100000001110000000111000000000111000000000000000000000000000
111000000000111011100000000011101111111111110000111000000000111011111111111111100000000000111111111000011111111100000001111111110000111111111000011111111100000001111111110000000111111111000000011111111100000000000000000111111000000011100000000011101110000000001110111000000000111011100000000011100000001110000000111000000000111000000000000000000000000000
000000000000000000000000000000000000000000000000000000000000000000000000000000000000000000000000000000000000000000000000000000000000000000000000000000000000000000000000000000000000000000000000000000000000000000000000000000000000000000000000000000000000000000000000000000000000000000000000000000000000000000000000000000000000000000000000000000000000000000
000000000000000000000000000000000000000000000000000000000000000000000000000000000000000000000000000000000000000000000000000000000000000000000000000000000000000000000000000000000000000000000000000000000000000000000000000000000000000000000000000000000000000000000000000000000000000000000000000000000000000000000000000000000000000000000000000000000000000000
000000000000000000000000000000000000000000000000000000000000000000000000000000000000000000000000000000000000000000000000000000000000000000000000000000000000000000000000000000000000000000000000000000000000000000000000000000000000000000000000000000000000000000000000000000000000000000000000000000000000000000000000000000000000000000000000000000000000000000
000000000000000000000000000000000000000000000000000000000000000000000000000000000000000000000000000000000000000000000000000000000000000000000000000000000000000000000000000000000000000000000000000000000000000000000000000000000000000000000000000000000000000000000000000000000000000000000000000000000000000000000000000000000000000000000000000000000000000000
000000000000000000000000000000000000000000000000000000000000000000000000000000000000000000000000000000000000000000000000000000000000000000000000000000000000000000000000000000000000000000000000000000000000000000000000000000000000000000000000000000000000000000000000000000000000000000000000000000000000000000000000000000000000000000000000000000000000000000
000000111111111000011111111100000001111111111110111111111111111000000000000001110000111111111111111011111111111111100001110000000000111111000000011111111100000001111111110000111111111111111000000000000000001111111110000111111111000011100000000011100001111111110000111111111111000011111111111111100001111111110000000000000000000000000000000000000000000000
000000111111111000011111111100000001111111111110111111111111111000000000000001110000111111111111111011111111111111100001110000000000111111000000011111111100000001111111110000111111111111111000000000000000001111111110000111111111000011100000000011100001111111110000111111111111000011111111111111100001111111110000000000000000000000000000000000000000000000
000000111111111000011111111100000001111111111110111111111111111000000000000001110000111111111111111011111111111111100001110000000000111111000000011111111100000001111111110000111111111111111000000000000000001111111110000111111111000011100000000011100001111111110000111111111111000011111111111111100001111111110000000000000000000000000000000000000000000000
000000000111000011100000000011101110000000000000111000000000000000000000001111110000000000000111000011100000000000001111110000000111000000000011100000000011101110000000001110000000000000111000000000000000000001110000111000000000111011100000011100001110000000001110111000000000111000000011100000001110000000001110000000000000000000000000000000000000000000
000000000111000011100000000011101110000000000000111000000000000000000000001111110000000000000111000011100000000000001111110000000111000000000011100000000011101110000000001110000000000000111000000000000000000001110000111000000000111011100000011100001110000000001110111000000000111000000011100000001110000000001110000000000000000000000000000000000000000000
000000000111000011100000000011101110000000000000111000000000000000000000001111110000000000000111000011100000000000001111110000000111000000000011100000000011101110000000001110000000000000111000000000000000000001110000111000000000111011100000011100001110000000001110111000000000111000000011100000001110000000001110000000000000000000000000000000000000000000
000000000111000011100000000011101110000000000000111000000000000000000000000001110000000000111000000011111111111100000001110000111000000000000011100000011111100000000000001110000000000111000000000000000000000001110000111000000000111011100011100000001110000000001110111000000000111000000011100000001110000000001110000000000000000000000000000000000000000000
000000000111000011100000000011101110000000000000111000000000000000000000000001110000000000111000000011111111111100000001110000111000000000000011100000011111100000000000001110000000000111000000000000000000000001110000111000000000111011100011100000001110000000001110111000000000111000000011100000001110000000001110000000000000000000000000000000000000000000
000000000111000011100000000011101110000000000000111000000000000000000000000001110000000000111000000011111111111100000001110000111000000000000011100000011111100000000000001110000000000111000000000000000000000001110000111000000000111011100011100000001110000000001110111000000000111000000011100000001110000000001110000000000000000000000000000000000000000000
000000000111000011100000000011100001111111110000111111111111000011111111100001110000000000000111000000000000000011100001110000111111111111000011100011100011100000000001110000000000111000000011111111100000000001110000111000000000111011111100000000001110000000001110111111111111000000000011100000001110000000001110000000000000000000000000000000000000000000
000000000111000011100000000011100001111111110000111111111111000011111111100001110000000000000111000000000000000011100001110000111111111111000011100011100011100000000001110000000000111000000011111111100000000001110000111000000000111011111100000000001110000000001110111111111111000000000011100000001110000000001110000000000000000000000000000000000000000000
000000000111000011100000000011100001111111110000111111111111000011111111100001110000000000000111000000000000000011100001110000111111111111000011100011100011100000000001110000000000111000000011111111100000000001110000111000000000111011111100000000001110000000001110111111111111000000000011100000001110000000001110000000000000000000000000000000000000000000
000000000111000011100000000011100000000000001110111000000000000000000000000001110000000000000000111000000000000011100001110000111000000000111011111100000011100000001110000000000111000000000000000000000000000001110000111111111111111011100011100000001111111111111110111000111000000000000011100000001111111111111110000000000000000000000000000000000000000000
000000000111000011100000000011100000000000001110111000000000000000000000000001110000000000000000111000000000000011100001110000111000000000111011111100000011100000001110000000000111000000000000000000000000000001110000111111111111111011100011100000001111111111111110111000111000000000000011100000001111111111111110000000000000000000000000000000000000000000
000000000111000011100000000011100000000000001110111000000000000000000000000001110000000000000000111000000000000011100001110000111000000000111011111100000011100000001110000000000111000000000000000000000000000001110000111111111111111011100011100000001111111111111110111000111000000000000011100000001111111111111110000000000000000000000000000000000000000000
111000000111000011100000000011100000000000001110111000000000000000000000000001110000111000000000111011100000000011100001110000111000000000111011100000000011100001110000000000000111000000000000000000001110000001110000111000000000111011100000011100001110000000001110111000000111000000000011100000001110000000001110000000000000000000000000000000000000000000
111000000111000011100000000011100000000000001110111000000000000000000000000001110000111000000000111011100000000011100001110000111000000000111011100000000011100001110000000000000111000000000000000000001110000001110000111000000000111011100000011100001110000000001110111000000111000000000011100000001110000000001110000000000000000000000000000000000000000000
111000000111000011100000000011100000000000001110111000000000000000000000000001110000111000000000111011100000000011100001110000111000000000111011100000000011100001110000000000000111000000000000000000001110000001110000111000000000111011100000011100001110000000001110111000000111000000000011100000001110000000001110000000000000000000000000000000000000000000
000111111000000000011111111100001111111111110000111111111111111000000000001111111110000111111111000000011111111100001111111110000111111111000000011111111100001111111111111110000111000000000000000000000001111110000000111000000000111011100000000011101110000000001110111000000000111000000011100000001110000000001110000000000000000000000000000000000000000000
000111111000000000011111111100001111111111110000111111111111111000000000001111111110000111111111000000011111111100001111111110000111111111000000011111111100001111111111111110000111000000000000000000000001111110000000111000000000111011100000000011101110000000001110111000000000111000000011100000001110000000001110000000000000000000000000000000000000000000
000111111000000000011111111100001111111111110000111111111111111000000000001111111110000111111111000000011111111100001111111110000111111111000000011111111100001111111111111110000111000000000000000000000001111110000000111000000000111011100000000011101110000000001110111000000000111000000011100000001110000000001110000000000000000000000000000000000000000000
000000000000000000000000000000000000000000000000000000000000000000000000000000000000000000000000000000000000000000000000000000000000000000000000000000000000000000000000000000000000000000000000000000000000000000000000000000000000000000000000000000000000000000000000000000000000000000000000000000000000000000000000000000000000000000000000000000000000000000
000000000000000000000000000000000000000000000000000000000000000000000000000000000000000000000000000000000000000000000000000000000000000000000000000000000000000000000000000000000000000000000000000000000000000000000000000000000000000000000000000000000000000000000000000000000000000000000000000000000000000000000000000000000000000000000000000000000000000000
000000000000000000000000000000000000000000000000000000000000000000000000000000000000000000000000000000000000000000000000000000000000000000000000000000000000000000000000000000000000000000000000000000000000000000000000000000000000000000000000000000000000000000000000000000000000000000000000000000000000000000000000000000000000000000000000000000000000000000
000000000000000000000000000000000000000000000000000000000000000000000000000000000000000000000000000000000000000000000000000000000000000000000000000000000000000000000000000000000000000000000000000000000000000000000000000000000000000000000000000000000000000000000000000000000000000000000000000000000000000000000000000000000000000000000000000000000000000000
000000000000000000000000000000000000000000000000000000000000000000000000000000000000000000000000000000000000000000000000000000000000000000000000000000000000000000000000000000000000000000000000000000000000000000000000000000000000000000000000000000000000000000000000000000000000000000000000000000000000000000000000000000000000000000000000000000000000000000
000111111111111011111111111111101110000000000000111111111111000011111111100000000000000111000011111111111111101111111111111110000111000000000011111100000001111111110000000000000111000000011111111100000000000000111111111111111000011111111100001110000000001110000111111111000011111111111111101111111111110000000111111111000011100000000011100001111111110000
000111111111111011111111111111101110000000000000111111111111000011111111100000000000000111000011111111111111101111111111111110000111000000000011111100000001111111110000000000000111000000011111111100000000000000111111111111111000011111111100001110000000001110000111111111000011111111111111101111111111110000000111111111000011100000000011100001111111110000
000111111111111011111111111111101110000000000000111111111111000011111111100000000000000111000011111111111111101111111111111110000111000000000011111100000001111111110000000000000111000000011111111100000000000000111111111111111000011111111100001110000000001110000111111111000011111111111111101111111111110000000111111111000011100000000011100001111111110000
111000000000000011100000000000001110000000000000111000000000111000011100000000000000111111000000000000011100001110000000000000111111000000011100000000001110000000001110000000111111000011100000000011100000000000000000111000000011100000000011101110000000001110111000000000111011100000000000001110000000001110111000000000111011100000000011101110000000001110
111000000000000011100000000000001110000000000000111000000000111000011100000000000000111111000000000000011100001110000000000000111111000000011100000000001110000000001110000000111111000011100000000011100000000000000000111000000011100000000011101110000000001110111000000000111011100000000000001110000000001110111000000000111011100000000011101110000000001110
111000000000000011100000000000001110000000000000111000000000111000011100000000000000111111000000000000011100001110000000000000111111000000011100000000001110000000001110000000111111000011100000000011100000000000000000111000000011100000000011101110000000001110111000000000111011100000000000001110000000001110111000000000111011100000000011101110000000001110
111000000000000011100000000000001110000000000000111000000000111000011100000000000000000111000000000011100000001111111111110000000111000011100000000000001110000001111110000111000111000000000000000011100000000000000000111000000011100000000011101111110000001110111000000000000011100000000000001110000000001110111000000000111011111100000011101110000000000000
111000000000000011100000000000001110000000000000111000000000111000011100000000000000000111000000000011100000001111111111110000000111000011100000000000001110000001111110000111000111000000000000000011100000000000000000111000000011100000000011101111110000001110111000000000000011100000000000001110000000001110111000000000111011111100000011101110000000000000
111000000000000011100000000000001110000000000000111000000000111000011100000000000000000111000000000011100000001111111111110000000111000011100000000000001110000001111110000111000111000000000000000011100000000000000000111000000011100000000011101111110000001110111000000000000011100000000000001110000000001110111000000000111011111100000011101110000000000000
000111111111000011111111111100001110000000000000111000000000111000011100001111111110000111000000000000011100000000000000001110000111000011111111111100001110001110001110111000000111000000000000011100001111111110000000111000000011100000000011101110001110001110111000111111111011111111111100001111111111110000111000000000111011100011100011101110001111111110
000111111111000011111111111100001110000000000000111000000000111000011100001111111110000111000000000000011100000000000000001110000111000011111111111100001110001110001110111000000111000000000000011100001111111110000000111000000011100000000011101110001110001110111000111111111011111111111100001111111111110000111000000000111011100011100011101110001111111110
000111111111000011111111111100001110000000000000111000000000111000011100001111111110000111000000000000011100000000000000001110000111000011111111111100001110001110001110111000000111000000000000011100001111111110000000111000000011100000000011101110001110001110111000111111111011111111111100001111111111110000111000000000111011100011100011101110001111111110
000000000000111011100000000000001110000000000000111000000000111000011100000000000000000111000000000000000011100000000000001110000111000011100000000011101111110000001110111111111111111000000011100000000000000000000000111000000011111111111111101110000001111110111000000000111011100000000000001110001110000000111111111111111011100000011111101110000000001110
000000000000111011100000000000001110000000000000111000000000111000011100000000000000000111000000000000000011100000000000001110000111000011100000000011101111110000001110111111111111111000000011100000000000000000000000111000000011111111111111101110000001111110111000000000111011100000000000001110001110000000111111111111111011100000011111101110000000001110
000000000000111011100000000000001110000000000000111000000000111000011100000000000000000111000000000000000011100000000000001110000111000011100000000011101111110000001110111111111111111000000011100000000000000000000000111000000011111111111111101110000001111110111000000000111011100000000000001110001110000000111111111111111011100000011111101110000000001110
000000000000111011100000000000001110000000000000111000000000111000011100000000000000000111000011100000000011101110000000001110000111000011100000000011101110000000001110000000000111000000011100000000000000000000000000111000000011100000000011101110000000001110111000000000111011100000000000001110000001110000111000000000111011100000000011101110000000001110
000000000000111011100000000000001110000000000000111000000000111000011100000000000000000111000011100000000011101110000000001110000111000011100000000011101110000000001110000000000111000000011100000000000000000000000000111000000011100000000011101110000000001110111000000000111011100000000000001110000001110000111000000000111011100000000011101110000000001110
000000000000111011100000000000001110000000000000111000000000111000011100000000000000000111000011100000000011101110000000001110000111000011100000000011101110000000001110000000000111000000011100000000000000000000000000111000000011100000000011101110000000001110111000000000111011100000000000001110000001110000111000000000111011100000000011101110000000001110
111111111111000011111111111111101111111111111110111111111111000011111111100000000000111111111000011111111100000001111111110000111111111000011111111100000001111111110000000000000111000011111111111111100000000000000000111000000011100000000011101110000000001110000111111111111011111111111111101110000000001110111000000000111011100000000011100001111111111110
111111111111000011111111111111101111111111111110111111111111000011111111100000000000111111111000011111111100000001111111110000111111111000011111111100000001111111110000000000000111000011111111111111100000000000000000111000000011100000000011101110000000001110000111111111111011111111111111101110000000001110111000000000111011100000000011100001111111111110
111111111111000011111111111111101111111111111110111111111111000011111111100000000000111111111000011111111100000001111111110000111111111000011111111100000001111111110000000000000111000011111111111111100000000000000000111000000011100000000011101110000000001110000111111111111011111111111111101110000000001110111000000000111011100000000011100001111111111110
000000000000000000000000000000000000000000000000000000000000000000000000000000000000000000000000000000000000000000000000000000000000000000000000000000000000000000000000000000000000000000000000000000000000000000000000000000000000000000000000000000000000000000000000000000000000000000000000000000000000000000000000000000000000000000000000000000000000000000
000000000000000000000000000000000000000000000000000000000000000000000000000000000000000000000000000000000000000000000000000000000000000000000000000000000000000000000000000000000000000000000000000000000000000000000000000000000000000000000000000000000000000000000000000000000000000000000000000000000000000000000000000000000000000000000000000000000000000000
000000000000000000000000000000000000000000000000000000000000000000000000000000000000000000000000000000000000000000000000000000000000000000000000000000000000000000000000000000000000000000000000000000000000000000000000000000000000000000000000000000000000000000000000000000000000000000000000000000000000000000000000000000000000000000000000000000000000000000
000000000000000000000000000000000000000000000000000000000000000000000000000000000000000000000000000000000000000000000000000000000000000000000000000000000000000000000000000000000000000000000000000000000000000000000000000000000000000000000000000000000000000000000000000000000000000000000000000000000000000000000000000000000000000000000000000000000000000000
000000000000000000000000000000000000000000000000000000000000000000000000000000000000000000000000000000000000000000000000000000000000000000000000000000000000000000000000000000000000000000000000000000000000000000000000000000000000000000000000000000000000000000000000000000000000000000000000000000000000000000000000000000000000000000000000000000000000000000
111000000000111011100000000011101110000000001110000111111111000000000000000001110000111111111111111011111111111111100001110000000000111111000000011100000001111111110000000111111111000000000000000000001111111110000111111111000011100000000011100001111111110000111111111111000011111111111111100001111111110000000000000000000000000000000000000000000000000000
111000000000111011100000000011101110000000001110000111111111000000000000000001110000111111111111111011111111111111100001110000000000111111000000011100000001111111110000000111111111000000000000000000001111111110000111111111000011100000000011100001111111110000111111111111000011111111111111100001111111110000000000000000000000000000000000000000000000000000
111000000000111011100000000011101110000000001110000111111111000000000000000001110000111111111111111011111111111111100001110000000000111111000000011100000001111111110000000111111111000000000000000000001111111110000111111111000011100000000011100001111111110000111111111111000011111111111111100001111111110000000000000000000000000000000000000000000000000000
111000000000111011100000000011101110000000001110111000000000111000000000001111110000000000000111000011100000000000001111110000000111000000000011111100001110000000001110111000000000111000000000000000000001110000111000000000111011100000011100001110000000001110111000000000111000000011100000001110000000001110000000000000000000000000000000000000000000000000
111000000000111011100000000011101110000000001110111000000000111000000000001111110000000000000111000011100000000000001111110000000111000000000011111100001110000000001110111000000000111000000000000000000001110000111000000000111011100000011100001110000000001110111000000000111000000011100000001110000000001110000000000000000000000000000000000000000000000000
111000000000111011100000000011101110000000001110111000000000111000000000001111110000000000000111000011100000000000001111110000000111000000000011111100001110000000001110111000000000111000000000000000000001110000111000000000111011100000011100001110000000001110111000000000111000000011100000001110000000001110000000000000000000000000000000000000000000000000
111111000000111011100000000011101110000000001110111000000000111000000000000001110000000000111000000011111111111100000001110000111000000000000000011100000000000000001110111000000111111000000000000000000001110000111000000000111011100011100000001110000000001110111000000000111000000011100000001110000000001110000000000000000000000000000000000000000000000000
111111000000111011100000000011101110000000001110111000000000111000000000000001110000000000111000000011111111111100000001110000111000000000000000011100000000000000001110111000000111111000000000000000000001110000111000000000111011100011100000001110000000001110111000000000111000000011100000001110000000001110000000000000000000000000000000000000000000000000
111111000000111011100000000011101110000000001110111000000000111000000000000001110000000000111000000011111111111100000001110000111000000000000000011100000000000000001110111000000111111000000000000000000001110000111000000000111011100011100000001110000000001110111000000000111000000011100000001110000000001110000000000000000000000000000000000000000000000000
111000111000111011100000000011101111111111111110111000000000111011111111100001110000000000000111000000000000000011100001110000111111111111000000011100000000000001110000111000111000111011111111100000000001110000111000000000111011111100000000001110000000001110111111111111000000000011100000001110000000001110000000000000000000000000000000000000000000000000
111000111000111011100000000011101111111111111110111000000000111011111111100001110000000000000111000000000000000011100001110000111111111111000000011100000000000001110000111000111000111011111111100000000001110000111000000000111011111100000000001110000000001110111111111111000000000011100000001110000000001110000000000000000000000000000000000000000000000000
111000111000111011100000000011101111111111111110111000000000111011111111100001110000000000000111000000000000000011100001110000111111111111000000011100000000000001110000111000111000111011111111100000000001110000111000000000111011111100000000001110000000001110111111111111000000000011100000001110000000001110000000000000000000000000000000000000000000000000
111000000111111011100000000011101110000000001110111111111111111000000000000001110000000000000000111000000000000011100001110000111000000000111000011100000000001110000000111111000000111000000000000000000001110000111111111111111011100011100000001111111111111110111000111000000000000011100000001111111111111110000000000000000000000000000000000000000000000000
111000000111111011100000000011101110000000001110111111111111111000000000000001110000000000000000111000000000000011100001110000111000000000111000011100000000001110000000111111000000111000000000000000000001110000111111111111111011100011100000001111111111111110111000111000000000000011100000001111111111111110000000000000000000000000000000000000000000000000
111000000111111011100000000011101110000000001110111111111111111000000000000001110000000000000000111000000000000011100001110000111000000000111000011100000000001110000000111111000000111000000000000000000001110000111111111111111011100011100000001111111111111110111000111000000000000011100000001111111111111110000000000000000000000000000000000000000000000000
111000000000111011100000000011101110000000001110111000000000111000000000000001110000111000000000111011100000000011100001110000111000000000111000011100000001110000000000111000000000111000000000001110000001110000111000000000111011100000011100001110000000001110111000000111000000000011100000001110000000001110000000000000000000000000000000000000000000000000
111000000000111011100000000011101110000000001110111000000000111000000000000001110000111000000000111011100000000011100001110000111000000000111000011100000001110000000000111000000000111000000000001110000001110000111000000000111011100000011100001110000000001110111000000111000000000011100000001110000000001110000000000000000000000000000000000000000000000000
111000000000111011100000000011101110000000001110111000000000111000000000000001110000111000000000111011100000000011100001110000111000000000111000011100000001110000000000111000000000111000000000001110000001110000111000000000111011100000011100001110000000001110111000000111000000000011100000001110000000001110000000000000000000000000000000000000000000000000
111000000000111000011111111100001110000000001110111000000000111000000000001111111110000111111111000000011111111100001111111110000111111111000011111111101111111111111110000111111111000000000000000001111110000000111000000000111011100000000011101110000000001110111000000000111000000011100000001110000000001110000000000000000000000000000000000000000000000000
111000000000111000011111111100001110000000001110111000000000111000000000001111111110000111111111000000011111111100001111111110000111111111000011111111101111111111111110000111111111000000000000000001111110000000111000000000111011100000000011101110000000001110111000000000111000000011100000001110000000001110000000000000000000000000000000000000000000000000
111000000000111000011111111100001110000000001110111000000000111000000000001111111110000111111111000000011111111100001111111110000111111111000011111111101111111111111110000111111111000000000000000001111110000000111000000000111011100000000011101110000000001110111000000000111000000011100000001110000000001110000000000000000000000000000000000000000000000000
000000000000000000000000000000000000000000000000000000000000000000000000000000000000000000000000000000000000000000000000000000000000000000000000000000000000000000000000000000000000000000000000000000000000000000000000000000000000000000000000000000000000000000000000000000000000000000000000000000000000000000000000000000000000000000000000000000000000000000
000000000000000000000000000000000000000000000000000000000000000000000000000000000000000000000000000000000000000000000000000000000000000000000000000000000000000000000000000000000000000000000000000000000000000000000000000000000000000000000000000000000000000000000000000000000000000000000000000000000000000000000000000000000000000000000000000000000000000000
000000000000000000000000000000000000000000000000000000000000000000000000000000000000000000000000000000000000000000000000000000000000000000000000000000000000000000000000000000000000000000000000000000000000000000000000000000000000000000000000000000000000000000000000000000000000000000000000000000000000000000000000000000000000000000000000000000000000000000
000000000000000000000000000000000000000000000000000000000000000000000000000000000000000000000000000000000000000000000000000000000000000000000000000000000000000000000000000000000000000000000000000000000000000000000000000000000000000000000000000000000000000000000000000000000000000000000000000000000000000000000000000000000000000000000000000000000000000000
000000000000000000000000000000000000000000000000000000000000000000000000000000000000000000000000000000000000000000000000000000000000000000000000000000000000000000000000000000000000000000000000000000000000000000000000000000000000000000000000000000000000000000000000000000000000000000000000000000000000000000000000000000000000000000000000000000000000000000
000111111111000011111111111100001111111110000000000000011100001111111111111110111111111111111000011100000000001111110000000111000000000000011100000001110000000000000011111111111100000001111111110000111111111111000000011111111100001110000000001110000111111111000000000000000000000000000000000000000000000000000000000000000000000000000000000000000000000000
000111111111000011111111111100001111111110000000000000011100001111111111111110111111111111111000011100000000001111110000000111000000000000011100000001110000000000000011111111111100000001111111110000111111111111000000011111111100001110000000001110000111111111000000000000000000000000000000000000000000000000000000000000000000000000000000000000000000000000
000111111111000011111111111100001111111110000000000000011100001111111111111110111111111111111000011100000000001111110000000111000000000000011100000001110000000000000011111111111100000001111111110000111111111111000000011111111100001110000000001110000111111111000000000000000000000000000000000000000000000000000000000000000000000000000000000000000000000000
111000000000111011100000000011100001110000000000000011111100000000000001110000111000000000000011111100000001110000000000111111000000000011111100001111110000000000000011100000000011101110000000001110111000000000111011100000000011101110000000001110111000000000111000000000000000000000000000000000000000000000000000000000000000000000000000000000000000000000
111000000000111011100000000011100001110000000000000011111100000000000001110000111000000000000011111100000001110000000000111111000000000011111100001111110000000000000011100000000011101110000000001110111000000000111011100000000011101110000000001110111000000000111000000000000000000000000000000000000000000000000000000000000000000000000000000000000000000000
111000000000111011100000000011100001110000000000000011111100000000000001110000111000000000000011111100000001110000000000111111000000000011111100001111110000000000000011100000000011101110000000001110111000000000111011100000000011101110000000001110111000000000111000000000000000000000000000000000000000000000000000000000000000000000000000000000000000000000
111000000000111011100000000011100001110000000000000000011100000000001110000000111111111111000000011100001110000000000000000111000000011100011100000001110000000000000011100000000011101110000000001110111000000000111011100000000011101111110000001110111000000000000000000000000000000000000000000000000000000000000000000000000000000000000000000000000000000000
111000000000111011100000000011100001110000000000000000011100000000001110000000111111111111000000011100001110000000000000000111000000011100011100000001110000000000000011100000000011101110000000001110111000000000111011100000000011101111110000001110111000000000000000000000000000000000000000000000000000000000000000000000000000000000000000000000000000000000
111000000000111011100000000011100001110000000000000000011100000000001110000000111111111111000000011100001110000000000000000111000000011100011100000001110000000000000011100000000011101110000000001110111000000000111011100000000011101111110000001110111000000000000000000000000000000000000000000000000000000000000000000000000000000000000000000000000000000000
111000000000111011111111111100000001110000111111111000011100000000000001110000000000000000111000011100001111111111110000000111000011100000011100000001110000111111111011111111111100001110000000001110111000000000111011100000000011101110001110001110111000111111111000000000000000000000000000000000000000000000000000000000000000000000000000000000000000000000
111000000000111011111111111100000001110000111111111000011100000000000001110000000000000000111000011100001111111111110000000111000011100000011100000001110000111111111011111111111100001110000000001110111000000000111011100000000011101110001110001110111000111111111000000000000000000000000000000000000000000000000000000000000000000000000000000000000000000000
111000000000111011111111111100000001110000111111111000011100000000000001110000000000000000111000011100001111111111110000000111000011100000011100000001110000111111111011111111111100001110000000001110111000000000111011100000000011101110001110001110111000111111111000000000000000000000000000000000000000000000000000000000000000000000000000000000000000000000
111111111111111011100000000011100001110000000000000000011100000000000000001110000000000000111000011100001110000000001110000111000011111111111111100001110000000000000011100000000000001111111111111110111000000000111011111111111111101110000001111110111000000000111000000000000000000000000000000000000000000000000000000000000000000000000000000000000000000000
111111111111111011100000000011100001110000000000000000011100000000000000001110000000000000111000011100001110000000001110000111000011111111111111100001110000000000000011100000000000001111111111111110111000000000111011111111111111101110000001111110111000000000111000000000000000000000000000000000000000000000000000000000000000000000000000000000000000000000
111111111111111011100000000011100001110000000000000000011100000000000000001110000000000000111000011100001110000000001110000111000011111111111111100001110000000000000011100000000000001111111111111110111000000000111011111111111111101110000001111110111000000000111000000000000000000000000000000000000000000000000000000000000000000000000000000000000000000000
111000000000111011100000000011100001110000000000000000011100001110000000001110111000000000111000011100001110000000001110000111000000000000011100000001110000000000000011100000000000001110000000001110111000000000111011100000000011101110000000001110111000000000111000000000000000000000000000000000000000000000000000000000000000000000000000000000000000000000
111000000000111011100000000011100001110000000000000000011100001110000000001110111000000000111000011100001110000000001110000111000000000000011100000001110000000000000011100000000000001110000000001110111000000000111011100000000011101110000000001110111000000000111000000000000000000000000000000000000000000000000000000000000000000000000000000000000000000000
111000000000111011100000000011100001110000000000000000011100001110000000001110111000000000111000011100001110000000001110000111000000000000011100000001110000000000000011100000000000001110000000001110111000000000111011100000000011101110000000001110111000000000111000000000000000000000000000000000000000000000000000000000000000000000000000000000000000000000
111000000000111011111111111100001111111110000000000011111111100001111111110000000111111111000011111111100001111111110000111111111000000000011100001111111110000000000011100000000000001110000000001110111111111111000011100000000011101110000000001110000111111111111000000000000000000000000000000000000000000000000000000000000000000000000000000000000000000000
111000000000111011111111111100001111111110000000000011111111100001111111110000000111111111000011111111100001111111110000111111111000000000011100001111111110000000000011100000000000001110000000001110111111111111000011100000000011101110000000001110000111111111111000000000000000000000000000000000000000000000000000000000000000000000000000000000000000000000
111000000000111011111111111100001111111110000000000011111111100001111111110000000111111111000011111111100001111111110000111111111000000000011100001111111110000000000011100000000000001110000000001110111111111111000011100000000011101110000000001110000111111111111000000000000000000000000000000000000000000000000000000000000000000000000000000000000000000000
000000000000000000000000000000000000000000000000000000000000000000000000000000000000000000000000000000000000000000000000000000000000000000000000000000000000000000000000000000000000000000000000000000000000000000000000000000000000000000000000000000000000000000000000000000000000000000000000000000000000000000000000000000000000000000000000000000000000000000
000000000000000000000000000000000000000000000000000000000000000000000000000000000000000000000000000000000000000000000000000000000000000000000000000000000000000000000000000000000000000000000000000000000000000000000000000000000000000000000000000000000000000000000000000000000000000000000000000000000000000000000000000000000000000000000000000000000000000000
000000000000000000000000000000000000000000000000000000000000000000000000000000000000000000000000000000000000000000000000000000000000000000000000000000000000000000000000000000000000000000000000000000000000000000000000000000000000000000000000000000000000000000000000000000000000000000000000000000000000000000000000000000000000000000000000000000000000000000
000000000000000000000000000000000000000000000000000000000000000000000000000000000000000000000000000000000000000000000000000000000000000000000000000000000000000000000000000000000000000000000000000000000000000000000000000000000000000000000000000000000000000000000000000000000000000000000000000000000000000000000000000000000000000000000000000000000000000000
000000000000000000000000000000000000000000000000000000000000000000000000000000000000000000000000000000000000000000000000000000000000000000000000000000000000000000000000000000000000000000000000000000000000000000000000000000000000000000000000000000000000000000000000000000000000000000000000000000000000000000000000000000000000000000000000000000000000000000
111000000000111000011111111100001110000000001110111111111111000011111111100000000000000111000011111111111111101111111111111110000111000000000011111100000001110000111111111111111000011111111100000000000000111000000000111011111111111111101111111111110000000111111111000011100000000011100000000000000000000000000000000000000000000000000000000000000000000000
111000000000111000011111111100001110000000001110111111111111000011111111100000000000000111000011111111111111101111111111111110000111000000000011111100000001110000111111111111111000011111111100000000000000111000000000111011111111111111101111111111110000000111111111000011100000000011100000000000000000000000000000000000000000000000000000000000000000000000
111000000000111000011111111100001110000000001110111111111111000011111111100000000000000111000011111111111111101111111111111110000111000000000011111100000001110000111111111111111000011111111100000000000000111000000000111011111111111111101111111111110000000111111111000011100000000011100000000000000000000000000000000000000000000000000000000000000000000000
111000000000111011100000000011101111110001111110111000000000111000011100000000000000111111000000000000011100001110000000000000111111000000011100000000001111110000111000000000000011100000000011100000000000111111000111111011100000000000001110000000001110111000000000111011100000000011100000000000000000000000000000000000000000000000000000000000000000000000
111000000000111011100000000011101111110001111110111000000000111000011100000000000000111111000000000000011100001110000000000000111111000000011100000000001111110000111000000000000011100000000011100000000000111111000111111011100000000000001110000000001110111000000000111011100000000011100000000000000000000000000000000000000000000000000000000000000000000000
111000000000111011100000000011101111110001111110111000000000111000011100000000000000111111000000000000011100001110000000000000111111000000011100000000001111110000111000000000000011100000000011100000000000111111000111111011100000000000001110000000001110111000000000111011100000000011100000000000000000000000000000000000000000000000000000000000000000000000
111000000000111011100000000011101110001110001110111000000000111000011100000000000000000111000000000011100000001111111111110000000111000011100000000000000001110000111111111111000011100000011111100000000000111000111000111011100000000000001110000000001110111000000000111011111100000011100000000000000000000000000000000000000000000000000000000000000000000000
111000000000111011100000000011101110001110001110111000000000111000011100000000000000000111000000000011100000001111111111110000000111000011100000000000000001110000111111111111000011100000011111100000000000111000111000111011100000000000001110000000001110111000000000111011111100000011100000000000000000000000000000000000000000000000000000000000000000000000
111000000000111011100000000011101110001110001110111000000000111000011100000000000000000111000000000011100000001111111111110000000111000011100000000000000001110000111111111111000011100000011111100000000000111000111000111011100000000000001110000000001110111000000000111011111100000011100000000000000000000000000000000000000000000000000000000000000000000000
111111111111111011100000000011101110001110001110111000000000111000011100001111111110000111000000000000011100000000000000001110000111000011111111111100000001110000000000000000111011100011100011101111111110111000111000111011111111111100001110000000001110111000000000111011100011100011100000000000000000000000000000000000000000000000000000000000000000000000
111111111111111011100000000011101110001110001110111000000000111000011100001111111110000111000000000000011100000000000000001110000111000011111111111100000001110000000000000000111011100011100011101111111110111000111000111011111111111100001110000000001110111000000000111011100011100011100000000000000000000000000000000000000000000000000000000000000000000000
111111111111111011100000000011101110001110001110111000000000111000011100001111111110000111000000000000011100000000000000001110000111000011111111111100000001110000000000000000111011100011100011101111111110111000111000111011111111111100001110000000001110111000000000111011100011100011100000000000000000000000000000000000000000000000000000000000000000000000
111000000000111011111111111111101110000000001110111000000000111000011100000000000000000111000000000000000011100000000000001110000111000011100000000011100001110000000000000000111011111100000011100000000000111000000000111011100000000000001110000000001110111111111111111011100000011111100000000000000000000000000000000000000000000000000000000000000000000000
111000000000111011111111111111101110000000001110111000000000111000011100000000000000000111000000000000000011100000000000001110000111000011100000000011100001110000000000000000111011111100000011100000000000111000000000111011100000000000001110000000001110111111111111111011100000011111100000000000000000000000000000000000000000000000000000000000000000000000
111000000000111011111111111111101110000000001110111000000000111000011100000000000000000111000000000000000011100000000000001110000111000011100000000011100001110000000000000000111011111100000011100000000000111000000000111011100000000000001110000000001110111111111111111011100000011111100000000000000000000000000000000000000000000000000000000000000000000000
111000000000111011100000000011101110000000001110111000000000111000011100000000000000000111000011100000000011101110000000001110000111000011100000000011100001110000111000000000111011100000000011100000000000111000000000111011100000000000001110000000001110111000000000111011100000000011100000000000000000000000000000000000000000000000000000000000000000000000
111000000000111011100000000011101110000000001110111000000000111000011100000000000000000111000011100000000011101110000000001110000111000011100000000011100001110000111000000000111011100000000011100000000000111000000000111011100000000000001110000000001110111000000000111011100000000011100000000000000000000000000000000000000000000000000000000000000000000000
111000000000111011100000000011101110000000001110111000000000111000011100000000000000000111000011100000000011101110000000001110000111000011100000000011100001110000111000000000111011100000000011100000000000111000000000111011100000000000001110000000001110111000000000111011100000000011100000000000000000000000000000000000000000000000000000000000000000000000
111000000000111011100000000011101110000000001110111111111111000011111111100000000000111111111000011111111100000001111111110000111111111000011111111100001111111110000111111111000000011111111100000000000000111000000000111011111111111111101111111111110000111000000000111011100000000011100000000000000000000000000000000000000000000000000000000000000000000000
111000000000111011100000000011101110000000001110111111111111000011111111100000000000111111111000011111111100000001111111110000111111111000011111111100001111111110000111111111000000011111111100000000000000111000000000111011111111111111101111111111110000111000000000111011100000000011100000000000000000000000000000000000000000000000000000000000000000000000
111000000000111011100000000011101110000000001110111111111111000011111111100000000000111111111000011111111100000001111111110000111111111000011111111100001111111110000111111111000000011111111100000000000000111000000000111011111111111111101111111111110000111000000000111011100000000011100000000000000000000000000000000000000000000000000000000000000000000000
000000000000000000000000000000000000000000000000000000000000000000000000000000000000000000000000000000000000000000000000000000000000000000000000000000000000000000000000000000000000000000000000000000000000000000000000000000000000000000000000000000000000000000000000000000000000000000000000000000000000000000000000000000000000000000000000000000000000000000
000000000000000000000000000000000000000000000000000000000000000000000000000000000000000000000000000000000000000000000000000000000000000000000000000000000000000000000000000000000000000000000000000000000000000000000000000000000000000000000000000000000000000000000000000000000000000000000000000000000000000000000000000000000000000000000000000000000000000000
000000000000000000000000000000000000000000000000000000000000000000000000000000000000000000000000000000000000000000000000000000000000000000000000000000000000000000000000000000000000000000000000000000000000000000000000000000000000000000000000000000000000000000000000000000000000000000000000000000000000000000000000000000000000000000000000000000000000000000
000000000000000000000000000000000000000000000000000000000000000000000000000000000000000000000000000000000000000000000000000000000000000000000000000000000000000000000000000000000000000000000000000000000000000000000000000000000000000000000000000000000000000000000000000000000000000000000000000000000000000000000000000000000000000000000000000000000000000000
000000000000000000000000000000000000000000000000000000000000000000000000000000000000000000000000000000000000000000000000000000000000000000000000000000000000000000000000000000000000000000000000000000000000000000000000000000000000000000000000000000000000000000000000000000000000000000000000000000000000000000000000000000000000000000000000000000000000000000
111111111111000011111111101110000000001110000111111111000000011111111111100000000000000111000011111111111111101111111111111110000111000000000011111100000001110000111111111111111011111111111111100000000000111111111111000000011111111100001110000000001110111111111111000011100000000011101110000000001110000111111111000000000000000000000000000000000000000000
111111111111000011111111101110000000001110000111111111000000011111111111100000000000000111000011111111111111101111111111111110000111000000000011111100000001110000111111111111111011111111111111100000000000111111111111000000011111111100001110000000001110111111111111000011100000000011101110000000001110000111111111000000000000000000000000000000000000000000
111111111111000011111111101110000000001110000111111111000000011111111111100000000000000111000011111111111111101111111111111110000111000000000011111100000001110000111111111111111011111111111111100000000000111111111111000000011111111100001110000000001110111111111111000011100000000011101110000000001110000111111111000000000000000000000000000000000000000000
111000000000111000011100001111110001111110111000000000111011100000000000000000000000111111000000000000011100001110000000000000111111000000011100000000001111110000111000000000000000000000011100000000000000111000000000111011100000000011101110000000001110111000000000111011100000000011101110000000001110111000000000111000000000000000000000000000000000000000
111000000000111000011100001111110001111110111000000000111011100000000000000000000000111111000000000000011100001110000000000000111111000000011100000000001111110000111000000000000000000000011100000000000000111000000000111011100000000011101110000000001110111000000000111011100000000011101110000000001110111000000000111000000000000000000000000000000000000000
111000000000111000011100001111110001111110111000000000111011100000000000000000000000111111000000000000011100001110000000000000111111000000011100000000001111110000111000000000000000000000011100000000000000111000000000111011100000000011101110000000001110111000000000111011100000000011101110000000001110111000000000111000000000000000000000000000000000000000
111000000000111000011100001110001110001110111000000000111011100000000000000000000000000111000000000011100000001111111111110000000111000011100000000000000001110000111111111111000000000011100000000000000000111000000000111011100000000011101111110000001110111000000000111011100000000011101111110000001110111000000000000000000000000000000000000000000000000000
111000000000111000011100001110001110001110111000000000111011100000000000000000000000000111000000000011100000001111111111110000000111000011100000000000000001110000111111111111000000000011100000000000000000111000000000111011100000000011101111110000001110111000000000111011100000000011101111110000001110111000000000000000000000000000000000000000000000000000
111000000000111000011100001110001110001110111000000000111011100000000000000000000000000111000000000011100000001111111111110000000111000011100000000000000001110000111111111111000000000011100000000000000000111000000000111011100000000011101111110000001110111000000000111011100000000011101111110000001110111000000000000000000000000000000000000000000000000000
111000000000111000011100001110001110001110111000000000111000011111111100001111111110000111000000000000011100000000000000001110000111000011111111111100000001110000000000000000111000000000011100001111111110111111111111000011100000000011101110001110001110111000000000111011100000000011101110001110001110111000111111111000000000000000000000000000000000000000
111000000000111000011100001110001110001110111000000000111000011111111100001111111110000111000000000000011100000000000000001110000111000011111111111100000001110000000000000000111000000000011100001111111110111111111111000011100000000011101110001110001110111000000000111011100000000011101110001110001110111000111111111000000000000000000000000000000000000000
111000000000111000011100001110001110001110111000000000111000011111111100001111111110000111000000000000011100000000000000001110000111000011111111111100000001110000000000000000111000000000011100001111111110111111111111000011100000000011101110001110001110111000000000111011100000000011101110001110001110111000111111111000000000000000000000000000000000000000
111000000000111000011100001110000000001110111111111111111000000000000011100000000000000111000000000000000011100000000000001110000111000011100000000011100001110000000000000000111000000000000011100000000000111000000000111011111111111111101110000001111110111000000000111011100000000011101110000001111110111000000000111000000000000000000000000000000000000000
111000000000111000011100001110000000001110111111111111111000000000000011100000000000000111000000000000000011100000000000001110000111000011100000000011100001110000000000000000111000000000000011100000000000111000000000111011111111111111101110000001111110111000000000111011100000000011101110000001111110111000000000111000000000000000000000000000000000000000
111000000000111000011100001110000000001110111111111111111000000000000011100000000000000111000000000000000011100000000000001110000111000011100000000011100001110000000000000000111000000000000011100000000000111000000000111011111111111111101110000001111110111000000000111011100000000011101110000001111110111000000000111000000000000000000000000000000000000000
111000000000111000011100001110000000001110111000000000111000000000000011100000000000000111000011100000000011101110000000001110000111000011100000000011100001110000111000000000111011100000000011100000000000111000000000111011100000000011101110000000001110111000000000111011100000000011101110000000001110111000000000111000000000000000000000000000000000000000
111000000000111000011100001110000000001110111000000000111000000000000011100000000000000111000011100000000011101110000000001110000111000011100000000011100001110000111000000000111011100000000011100000000000111000000000111011100000000011101110000000001110111000000000111011100000000011101110000000001110111000000000111000000000000000000000000000000000000000
111000000000111000011100001110000000001110111000000000111000000000000011100000000000000111000011100000000011101110000000001110000111000011100000000011100001110000111000000000111011100000000011100000000000111000000000111011100000000011101110000000001110111000000000111011100000000011101110000000001110111000000000111000000000000000000000000000000000000000
111111111111000011111111101110000000001110111000000000111011111111111100000000000000111111111000011111111100000001111111110000111111111000011111111100001111111110000111111111000000011111111100000000000000111111111111000011100000000011101110000000001110111111111111000000011111111100001110000000001110000111111111111000000000000000000000000000000000000000
111111111111000011111111101110000000001110111000000000111011111111111100000000000000111111111000011111111100000001111111110000111111111000011111111100001111111110000111111111000000011111111100000000000000111111111111000011100000000011101110000000001110111111111111000000011111111100001110000000001110000111111111111000000000000000000000000000000000000000
111111111111000011111111101110000000001110111000000000111011111111111100000000000000111111111000011111111100000001111111110000111111111000011111111100001111111110000111111111000000011111111100000000000000111111111111000011100000000011101110000000001110111111111111000000011111111100001110000000001110000111111111111000000000000000000000000000000000000000
